600081047215
600082216624
600082252630
600082531731
600083537561
600086066716
600087020201
600087649862
600087781344
600090138351
600090451726
600090592765
600090784366
600091336235
600091468524
600091568322
600091710374
600091995672
600092161200
600092368315
600092443075
600092670800
600093356520
600093623743
600093815823
600093972446
600094006105
600094390770
600094810221
600094829644
600094856653
600094945601
600095084466
600096005235
600096034473
600096115625
600096165513
600096332824
600097279250
600097281033
600097979132
600098188535
600098215161
600098951502
600099248184
600099272990
600099326083
600099329325
