144856020890
348001663940
348001739212
348001786042
348001853555
348001864501
348001909286
348009407185
348009614105
348009690346
348009786983
348009945684
348010011543
348010048816
348010152361
348010169872
348010200101
348010252671
348010305764
348010306884
348010319020
348010377713
348010666360
348010670070
348010695174
348010747011
348010778570
348010790046
348010855942
348010874444
348010904334
348010913143
348011053121
348011401091
348011442726
348011539680
348011595175
348011596542
348011824893
348011989592
348012000232
348012040876
348012049910
348012055182
348012068180
348012158955
348012178570
348012212170
348012217965
348012221480
348012221826
348012226833
348012227684
348012232164
348012233111
348012236456
348012236655
348012239083
348012239400
348012244355
348012246153
348012247354
348012247682
348012253676
348012255721
348012266136
348012271412
348012279392
348012296752
348012298200
348012298826
348012363425
348012369460
348012370086
348012411784
348012430404
348012459314
348012481644
348012505212
348012513494
348012540105
348012549614
348012562203
348012642445
348012684062
348012709052
348012710651
348012734414
348012787872
348012809793
348012860436
348012899113
348012921056
348012938560
348012959335
348012978950
380738352890
